tag_id polygon
      0 1 2 3 4
---------------
  0   0 1 0 0 0 
  1   0 1 0 1 0 
  2   1 1 0 1 0 
  3   0 0 0 0 1 
  4   0 1 1 1 0 
  5   0 1 0 0 1 
  6   0 0 0 0 0 
  7   1 0 0 1 1 
  8   0 0 0 1 1 
  9   0 0 0 0 0 
  10  0 1 1 0 1 
  11  0 0 0 1 0 
  12  0 1 0 0 0 
  13  0 0 0 0 1 
  14  0 1 0 0 1 
  15  0 0 0 0 1 
  16  0 0 0 0 0 
  17  1 1 0 0 1 
  18  1 1 0 0 0 
  19  0 1 0 1 0 
  20  1 0 0 0 0 
  21  1 1 1 0 0 
  22  0 0 0 0 1 
  23  0 0 0 1 0 
  24  0 1 0 0 1 
  25  0 1 1 0 0 
  26  1 1 1 1 0 
  27  0 1 1 0 0 
  28  0 0 0 0 0 
  29  1 1 0 0 0 
  30  0 0 0 0 0 
  31  0 0 0 1 0 
  32  0 1 0 1 1 
  33  0 1 0 0 0 
  34  0 0 0 0 0 
  35  1 0 0 0 1 
  36  1 1 0 0 1 
  37  0 0 0 1 1 
  38  0 1 0 0 1 
  39  1 0 0 1 0 
  40  1 1 0 1 0 
  41  0 1 0 1 1 
  43  0 0 0 0 0 
  44  0 0 0 0 1 
  45  0 0 0 0 0 
  46  1 0 0 1 1 
  47  0 0 0 1 1 
  48  1 1 1 0 1 
  49  1 0 0 0 0 
