In polygon no. 0 are tag_ids:

tag_id       coordinates
           x                      y
---------------------------------------------------------------
  2       0.7198808134726411     0.36061507717555941 
  7       0.69844682098835587    0.31522578460068673 
  7       0.57068130222788715    0.33797650942845725 
  17      0.67542021181465595    0.35138023407856145 
  18      0.55429383185487358    0.11680849947161009 
  20      0.50474905887536003    0.58315808745169706 
  21      0.76093567803051543    0.2487080962675865  
  26      0.39632342803949028    0.072192732688240779
  29      0.29020672406112968    0.33784811932619929 
  35      0.59659035793355031    0.29992786155553031 
  36      0.45921235667612814    0.27511494271042625 
  39      0.39403148199053595    0.40496816797421853 
  39      0.6890676973563028     0.49464022027476173 
  40      0.48842331388659588    0.36207885419381802 
  46      0.25879727627052507    0.39149737796923434 
  46      0.42648957444599001    0.52157009723379488 
  48      0.35968955980049166    0.47981752089474905 
  48      0.73439786711000754    0.27280719489202254 
  49      0.25788569355976798    0.7549440270541059  

In polygon no. 1 are tag_ids:

tag_id       coordinates
           x                      y
---------------------------------------------------------------
  0       -0.97265607034600543   -0.84928187929507537
  0       -0.11529554053779112   -0.52042528168519353
  0       -0.96872718651761214   -0.15319703858726075
  0       -0.60256863693165519   -0.9889557657527952 
  0       -0.54412967491611663   -0.14578442274748737
  1       -0.63635006558579876   -0.63319098029313237
  2       -0.49263565225372252   -0.18959582643716577
  4       -0.051652341825349612   -0.80433167869799704
  4       -0.81168602346287977   -0.37717338121741162
  5       -0.08693085903417952   -0.56311912556633281
  12      -0.57082176058325174   -0.24548183354404829
  12      -0.87297634081999731   -0.92635626472801724
  12      -0.83681163919951929   -0.98963027445202645
  14      -0.66341791565413888   -0.56247156085385952
  17      -0.028772492827546792   -0.10315171402750534
  18      -0.12205715858872779   -0.84308723731546809
  18      -0.30266802541654125   -0.80764689781715848
  18      -0.80005016836399423   -0.081502216068265687
  18      -0.22159664253167377   -0.97832469703940328
  18      -0.013948684456390081   -0.83343117760948071
  19      -0.76236416746385616   -0.76494750644579024
  21      -0.97121302274048826   -0.76785471898616753
  24      -0.98987683230756263   -0.67838389716500269
  29      -0.91786496646424842   -0.20235819711041092
  32      -0.84930748798774358   -0.3886059614256363 
  32      -0.76026926533263439   -0.32476965719274409
  33      -0.47861094352819378   -0.007925091413187646
  36      -0.63133265133725991   -0.83825406676560466
  38      -0.81758779390261926   -0.01115939059483706
  38      -0.0055029882152290988   -0.39824338036646068
  40      -0.64814949464530924   -0.96384927276895827
  41      -0.12132699626845977   -0.59656159532920761
  48      -0.51629541819909663   -0.81379446438820158

In polygon no. 2 are tag_ids:

tag_id       coordinates
           x                      y
---------------------------------------------------------------
  4       -0.41357845660387094   -0.34267090926016808
  10      -0.26069108787719109   -0.51568012344514824
  21      -0.4695952646365491    -0.51202071324183285
  25      -0.52803016050208851   -0.48786335447735207
  26      -0.50255169113942411   -0.33949494196180297
  26      -0.40941882316212252   -0.35489847152279896
  27      -0.2793098095894635    -0.48010027429147462
  48      -0.49216917213131062   -0.50624787432279761

In polygon no. 3 are tag_ids:

tag_id       coordinates
           x                      y
---------------------------------------------------------------
  1       0.061869166634272776   -0.10443367085381672
  1       0.36846605302431379    -0.11969501252079739
  1       0.0053580464577229758   -0.8970424975000213 
  2       0.14012234017872993    -0.80564701245846293
  4       0.22344149246870448    -0.16079987514442018
  7       0.1973169683940732     -0.68796271911512696
  7       0.06817883875088393    -0.030340057282033595
  8       0.24659625365511584    -0.33820395029470163
  11      0.13207442098815259    -0.68270710471501794
  19      0.15094835575175791    -0.22366014758695618
  23      0.4060379177903557     -0.27274079524141204
  26      0.045465658763988115   -0.14491796328290074
  26      0.1224868516954023     -0.23414625049242033
  31      0.3422870336481012     -0.28270643740767221
  31      0.27282082252756079    -0.37128803784734665
  32      0.5552045674704511     -0.039259836267290682
  37      0.9577857165500181     -0.02651569408108978
  39      0.51072282063530494    -0.1496882510175106 
  40      0.69428628819117955    -0.29018961907455876
  40      0.3818754762049319     -0.22652930739892518
  41      0.64520112131931651    -0.27961871717747422
  46      0.65747501830385868    -0.28649334661282144
  47      0.61382595410155893    -0.30739135782119842
  47      0.10563995381581548    -0.40697971270440303

In polygon no. 4 are tag_ids:

tag_id       coordinates
           x                      y
---------------------------------------------------------------
  3       -0.29956350659937292   0.41636239116639961 
  5       -0.51588945697699917   0.34427109481175711 
  5       -0.20235111511089388   0.63286374643876786 
  5       -0.89663655766278461   0.06270926313629599 
  7       -0.29329554394789437   0.16731222370174414 
  7       -0.66064019220886894   0.29369672333744767 
  7       -0.22920675806886992   0.36322733794557949 
  8       -0.44225729481563625   0.40071565994554259 
  10      -0.60231519182238968   0.42268390549729995 
  13      -0.34920060368146455   0.49298281023604829 
  14      -0.087860031565928143   0.5703519227860272  
  15      -0.85886250519914031   0.28483855641263123 
  17      -0.49996710156779067   0.16108802468781969 
  22      -0.94476645625259059   0.15772979101511742 
  24      -0.58185675852457264   0.082895947655131641
  24      -0.41754171960391617   0.22370578944475894 
  32      -0.083494219016966742   0.091233578631869872
  32      -0.17758655825562752   0.20556376404659704 
  32      -0.609514024403911     0.44490423052301065 
  35      -0.71426636415611844   0.30177694589770576 
  35      -0.9668243421442877    0.024186116598561958
  35      -0.64512091244055436   0.50122950328171667 
  36      -0.30985750394663403   0.26870268940272757 
  37      -0.088686494428574125   0.24026519560307347 
  37      -0.26443373456149355   0.26461166118715895 
  38      -0.17923415392874054   0.51110227708609735 
  41      -0.48411674456968878   0.31996809206835808 
  44      -0.71815155005047471   0.60439396150807934 
  44      -0.91368017609884777   0.78228622739614218 
  46      -0.69916621779294363   0.18826143070427026 
  47      -0.25836349560346727   0.33768250532721455 
  48      -0.83421735661329155   0.056740242594418344

